46,98,96,88,42
83,87,21,23,12,85,27,89,63,28,97,13,81
55,82,85,27,89,63,28,93,13,94,81,11,99,41,54
22,35,46,98,66,31,25,71,34,74,96,76,83,42,87,53,21,24,86,23,12
35,46,98,66,19,71,34,45,91,74,96,83,42,87,21,23,55
67,41,54,84,88,32,22,35,46,98,66,31,25,71,45,91,74,76,87
97,41,99,98,25,71,94,34,72,22,54,84,32,19,46
75,42,87,71,74,46,23
74,96,76,83,42,53,21,24,86,23,12,75,82,85,27,89,63,28,93,36,97
55,75,82,27,89,78,28,93,97,94,81,38,11,72,67,41,54
25,71,91,76,83,42,87,53,86,85,27
11,97,99,63,84,38,28,93,72,13,81,41,46
27,78,42,34,53,21,25,71,82,86,76,89,55,75,85,12,96,91,23,87,24,74,83
19,45,91,74,96,76,42,87,53,21,24,86,23,12,55,75,82,85,27
94,81,38,99,72,67,41,54,84,88,32,22,35,46,98,66,31,19,25,71,34,45,91
11,85,28,41,27,72,38,36,97,55,75,63,82,78,12,94,67,99,89,86,23,13,81
42,87,86,55,75,85,27,89,78,63,28,93,36,97,13,94,38
19,66,86,25,91
66,19,74,84,53,54,21,88,46
19,25,71,96,76,87,53,21,23,12,82,85,89
74,76,53,23,12,75,85,27,93,36,97
63,28,97,13,94,11,99,72,41,54,88,22,98
93,75,27,24,11,55,28,63,99,36,13,85,38
24,99,93,78,89,38,82,12,81,75,27,67,23,86,63,97,36,55,85
91,76,32,54,83,87,71,34,88,84,31,98,67,41,45
41,42,22,84,45,88,31
63,93,82,86,12,23,75,42,76,24,94
31,19,25,71,34,45,91,74,96,76,83,87,53,24,23,12,55,75,82,85,27
74,96,83,86,12,55,75,36,97
54,72,84,41,67,99,35,94,88,81,13,98,38,19,97,66,32,22,46
96,76,83,53,21,24,86,12,27,89,93,97,13
72,71,91,99,54,84,76,34,96,41,11,67,22,35,32,19,25
84,88,22,46,98,25,71,42,87,53,24
34,74,31,66,46,76,84,53,21,19,96,54,42,25,35,71,98
99,72,67,41,54,84,88,32,22,35,46,98,66,31,19,71,34,45,91,74,96,76,83
36,97,13,94,81,38,11,99,72,67,41,54,84,88,32,22,35,98,66,31,19,25,71
35,66,19,74,21,86,55
87,53,21,24,86,55,75,82,85,27,89,78,63,28,93,97,13,94,81,38,11
35,32,98,97,19,54,71,36,13
24,86,23,12,55,75,82,85,27,89,78,63,28,93,97,13,94,38,11,99,67
28,72,67,41,46,31,19
54,84,22,46,98,31,19,25,71,34,45,91,74,96,21
86,97,93,63,36,38,27,85,11,99,89,55,75,82,94
23,75,27,89,78,36,99,41,54
54,84,88,32,22,35,46,98,66,31,25,71,34,91,74,76,83,53,21
83,42,21,24,23,12,55,75,85,27,89,78,63,13,94
19,88,21,84,83,35,71,24,32,98,46,91,45
24,86,12,55,75,82,27,89,78,63,28,13,94,38,99,72,67
83,21,24,12,75,82,27,89,78,63,28,93,97,13,81
66,31,71,34,45,83,87,53,85
67,54,84,32,35,98,66,19,71,34,96,76,83
81,72,84,63,35,54,97,89,94,36,98,88,32,38,28,99,46,78,13,93,22,11,41
89,12,96,25,19,74,71,42,24,75,76,21,91,34,86
46,98,31,25,71,34,45,91,96,76,53,21,86,55,75
12,55,75,82,85,27,78,63,28,93,36,13,94,81,38,67,84
89,78,11,67,41
71,34,45,91,96,76,83,42,24,86,85,27,89,78,63
71,91,72,46,84,19,41,35,31,25,11,74,81
46,66,19,25,71,34,45,74,96,76,83,42,87,53,21,24,86,23,12,55,75
74,66,83,42,86,45,21,91,23,75,71,24,31,46,53
22,35,46,98,66,31,19,25,71,34,91,74,96,76,83,42,87,53,21,24,86,23,12
63,89,28,27,21,42,96,91,36,23,55,87,24,82,12
53,27,13,38,11
81,99,67,35,46,98,66,25,74
45,55,96,24,76,27,82,86,21,25,83
88,32,22,98,19,25,71,34,45,91,74,76,83,42,21,24,86
94,81,38,11,67,54,84,88,32,22,35,98,19,71,45
74,96,87,53,23,12,55,75,82,85,27,78,28,36,97
94,81,11,99,72,41,84,32,22,35,46,66,31,19,25,71,91
12,55,75,82,85,89,78,63,28,93,36,97,13,94,38,11,99,72,67,54,84
75,82,27,63,93,94,38,99,32
63,93,36,97,13,81,11,72,67,41,54,88,32,35,98,66,31
21,27,28,36,97,13,81,38,11
45,91,74,96,76,83,42,87,53,21,23,12,55,75,82,85,27,89,78,63,93
78,63,28,93,36,97,13,94,81,38,11,99,72,67,41,54,84,88,32,22,35,46,66
45,91,76,83,24,86,85,27,93
96,42,87,23,55,97,13
81,41,88,22,31,71,34,45,74
89,11,23,28,12,94,99,97,53,36,85,82,63
63,78,82,84,89,32,81
86,53,21,87,83,32,76,42,35,22,71,24,31,66,45,46,34,88,25,19,74
76,42,55,75,85,89,63,93,36,97,94
35,66,31,19,25,71,34,45,74,83,42,53,24,86,23,12,55
27,74,23,24,76,31,85,86,75
28,93,36,13,94,38,72,67,41,54,84,32,35,98,66
96,76,83,42,21,24,86,23,12,55,82,78,28,93,36,97,13
13,38,99,84,88,32,35,46,98,31,19,25,71,34,45
89,28,97,13,94,81,11,99,72,41,98
36,75,78,24,27,21,82,72,28,23,99,93,63,86,55,89,11,38,81
78,36,97,13,38,99,72,54,84,88,22,98,66
88,34,54,76,71,25,91,74,84,31,19,72,35,67,98,42,41,46,22,66,32,83,45
55,82,85,27,89,78,28,93,97,94,81,38,11,67,41,84,88
76,42,86,27,89,78,94
98,66,19,34,91,96,83,87,53,23,12,55,75
46,98,66,31,19,25,71,34,45,91,74,96,76,42,87,53,21,24,86,23,12,55,75
93,38,67,41,54,84,88,22,35,98,31
46,67,31,19,87,83,76,88,35
19,71,45,91,74,96,76,83,87,53,21,24,86,23,75,82,89
87,53,21,24,86,12,55,75,82,27,89,78,63,28,93,97,81,38,11
78,93,72,81,99,97,32,66,41,63,28
53,86,55,85,63,28,93,97,81,11,99
93,13,23,87,63,24,94,21,81,11,38
46,97,13,84,22,63,66,94,78,99,54,93,11,67,88,35,36
82,85,89,78,63,93,36,97,13,94,81,38,11,99,72,41,54,84,88,32,22
82,34,96,55,76,28,42,45,63,12,91
32,35,46,98,66,19,25,71,34,91,74,96,76,42,21,24,23
11,67,41,54,84,88,22,46,71,34,91,96,76
86,23,55,75,82,85,89,78,63,28,93,36,97,13,94,81,38,11,99,67,41
97,13,94,81,99,41,54,32,35,46,98,66,25,71,34
66,25,21,24,86,55,85
35,27,85,22,99,41,78,89,54,11,93,67,84,72,81
98,34,21,74,23,32,76,66,35,53,19,31,83,71,42
89,76,78,75,28
97,82,85,96,55,13,42,93,86
45,66,83,35,53,98,74,22,76,21,23,24,34,87,46
32,46,25,45,74,42,53
12,42,93,36,24,85,91
21,24,86,12,85,78,63,38,99
75,78,36,13,99
93,36,46,97,67,84,13,72,35,25,88,81,54,41,99,32,94
23,21,19,53,66,87,46,24,83,45,12,22,25
86,75,28,13,81,38,41
28,97,11,99,72,41,54,32,35,31,19
35,31,87,32,66,24,84
76,71,31,72,46,22,66,35,84,98,99,96,34,19,83,45,32,91,54,67,41
12,83,76,74,86,45,55,28,21,85,93
55,86,85,13,89,24,82,67,28,23,81
45,84,11,67,74,96,19,54,22,66,35,32,46,71,72,38,34
41,97,28,75,81,99,78,82,67,36,84,27,32,88,85,89,11,93,38,63,13
88,32,22,46,98,66,31,71,91,96,76,24,86
94,99,38,66,46
25,19,24,91,71,74,31
46,32,63,93,11,81,41,38,98,84,97,28,99,36,88,13,35
41,84,88,32,22,35,46,98,66,31,19,25,71,34,45,91,74,76,83,42,53
38,72,31,13,28,63,32,11,93
87,53,21,24,23,12,55,75,82,85,27,78,63,28,93,36,13,94,11
54,72,81,67,89,46,84,99,36,13,32,98,38,35,41,94,28,97,22,63,93
46,27,41,89,54,36,63,81,99,84,67
11,67,41,84,88,32,98,66,31,19,34,45,91
86,74,96,27,53,25,31,34,45,21,83,23,24
13,81,41,35,98,31,19,34,45
72,54,88,32,22,46,66,31,25,34,45,96,76,83,42
27,89,78,63,28,93,36,97,94,81,38,11,99,72,67,41,54,88,22,35,46
86,23,85,63,93,36,94,11,99,67,41
12,55,82,85,27,89,63,28,97,94,81,11,54
86,23,75,82,93,11,41
11,99,67,41,54,84,88,32,35,46,31,19,25,34,74,96,76
53,38,82,99,85,94,63,89,93,55,78,86,36,97,75,28,27,24,23,21,13
96,35,76,19,83,25,91,34,53,98,71,86,22,42,74,66,24,46,31,87,88
82,85,27,89,78,63,28,93,36,97,94,38,99,67,41,84,88,32,22
25,45,91,74,96,76,42,87,53,24,12,85,27,89,78
42,87,53,21,24,23,12,55,85,27,89,78,63,93,36,94,38
21,86,23,12,75,82,85,89,78,28,97,13,81,11,72
94,54,22,98,31,19,34
85,27,89,78,28,93,36,13,94,38,11,72,41,54,84,88,32,22,35
88,32,22,35,46,98,66,31,19,25,71,34,91,74,96,76,83,42,87,53,21,24,86
19,96,91,31,45,71,42,74,75,12,34,76,27,87,82,21,25,53,55
22,35,46,98,66,19,25,71,34,45,91,76,83,42,87,53,21,24,86,23,12
13,94,81,11,99,72,67,41,54,84,32,22,35,46,66,31,19,25,71,34,45
99,46,71,67,76,66,45,54,11
54,32,46,98,96
71,91,74,21,24,12,85
76,83,42,87,53,21,24,86,23,12,55,75,82,85,27,89,78,63,28,93,36,13,94
85,74,12,97,24,27,42,83,63,93,36
21,45,46,87,12,83,76,25,35,19,42,31,71,23,22,74,34,96,91,86,53
78,93,12,86,23,63,87
88,66,31,19,71,34,45,74,76,42,53
54,84,88,22,46,66,74,42,87,53,21
75,85,27,89,63,13,81,38,32
84,35,98,66,19,25,71,34,45,91,74,96,76,83,42,87,53,21,24
11,99,72,67,41,54,84,32,22,35,98,66,31,19,25,71,34,74,76
25,34,45,74,96,76,83,42,87,53,21,24,86,23,55,75,82,85,27,89,78
71,34,45,74,96,76,83,42,87,53,21,24,86,23,12,55,75,82,85,27,89,78,63
85,82,75,21,81,83,24,27,87,78,55,89,97
35,46,98,66,31,19,25,71,34,91,74,96,76,83,42,87,53,21,24,86,23,12,55
32,22,35,46,98,31,25,71,91,74,76,83,53,21,24,86,23
42,87,53,21,24,86,23,55,75,82,85,27,89,78,63,28,93,36,97,13,94,81,38
84,46,31,19,34
28,67,54,84,88,32,35,46,98,31,19
28,11,99,72,32,22,98,31,19
13,94,81,38,41,54,84,22,35,46,98,66,31,19,25,34,45
85,27,89,63,93,54,84,32,35
88,34,19,99,74,41,45,91,11,35,32,84,98,76,71,54,22,96,67,66,46
99,84,91,35,74,81,34
81,98,72,66,54,93,35,63,22,94,99,36,41,28,84,38,97,13,11
67,88,46,81,13,41,66,34,97,38,31,99,84
93,36,97,13,94,81,38,11,99,54,84,88,32,22,35,46,98,31,25
98,66,31,42,87,75,82
89,72,84,93,81,97,28,99,88,41,11,27,32,78,63,54,38,13,75,94,36
75,82,85,27,78,63,28,93,36,97,13,94,38,11,99,67,41,54,84,88,32
38,11,99,67,84,88,35,46,98,66,31,19,91,74,96
84,32,98,31,45,96,24
84,36,82,22,85,13,72,38,67,88,94,99,32
28,93,36,97,13,94,81,11,72,67,41,54,84,88,32,22,35,46,98,66,31
24,86,75,27,89,78,63,28,93,97,13,94,81,38,67
42,53,23,12,55,75,85,27,89,28,36,97,94,81,38
41,54,84,88,32,22,35,46,98,66,31,19,25,71,34,45,91,74,96,76,83,42,53
21,71,86,83,89,55,45,53,27,24,75,42,87
22,42,46,87,53,23,83,32,34,25,21,19,86
82,78,36,97,38,11,99,72,67,41,84,88,22
41,78,97,86,99,28,85,82,89,27,75,13,72,11,12,63,94